1764930594071 0.6905333333333333 0
1764930743295 0.8631111111111112 1
1764930892633 0.8888 2
1764931042707 0.9049777777777778 3
1764931193023 0.9168888888888889 4
1764931343568 0.9233333333333333 5
1764931493460 0.9284222222222223 6
1764931643869 0.9335555555555556 7
1764931794014 0.9393555555555556 8
1764931944531 0.9431333333333334 9
1764932094525 0.9479777777777778 10
1764932245302 0.9506888888888889 11
1764932395338 0.9538222222222222 12
1764932545548 0.9551111111111111 13
1764932695313 0.9581555555555555 14
1764932845658 0.9598888888888889 15
1764932995773 0.9614444444444444 16
1764933145481 0.9631333333333333 17
1764933294451 0.9652666666666667 18
1764933443799 0.9663555555555555 19
1764930594071 0.6905333333333333 0
