1764930594071 0.9461765748023987 0
1764930743295 0.40861679901017084 1
1764930892633 0.32466909942097133 2
1764931042707 0.27974725936253864 3
1764931193023 0.24659943568441603 4
1764931343568 0.2258096168782976 5
1764931493460 0.20793171055581836 6
1764931643869 0.19419507496356964 7
1764931794014 0.17772961782879299 8
1764931944531 0.16722863653500875 9
1764932094525 0.156286677731408 10
1764932245302 0.14705025635295443 11
1764932395338 0.1343835366209348 12
1764932545548 0.13130771091249255 13
1764932695313 0.12378889645205604 14
1764932845658 0.1192463755912251 15
1764932995773 0.11233678600788116 16
1764933145481 0.11015162649949392 17
1764933294451 0.10319032218323813 18
1764933443799 0.09971433609326681 19
1764930594071 0.9461765748023987 0
