1765083601547 1.518891283522712 0
1765083936239 1.0862106783125136 1
1765084278015 0.9988710727267796 2
1765084621228 0.9523953576829698 3
1765084941956 0.9253748201370239 4
1765085249081 0.9104192300160726 5
1765085472387 0.8953887585110134 6
1765085631540 0.884992010582818 7
1765085786477 0.8773990563074747 8
1765085941766 0.871688947084215 9
1765086100094 0.8673200375874838 10
1765086252244 0.8563339962111579 11
1765086406392 0.8603127629174127 12
1765086563634 0.8494270458221436 13
1765086719523 0.8476754157384236 14
1765086862773 0.8463507675064935 15
1765087002157 0.8418632220480177 16
1765087140052 0.8432522456698948 17
1765087283254 0.834967193751865 18
1765087420517 0.8407336043039958 19
1765083601547 1.518891283522712 0
