1765083601547 0.5116 0
1765083936239 0.6497111111111111 1
1765084278015 0.6707777777777778 2
1765084621228 0.6813111111111111 3
1765084941956 0.6864666666666667 4
1765085249081 0.6910222222222222 5
1765085472387 0.6936888888888889 6
1765085631540 0.6961111111111111 7
1765085786477 0.7005555555555556 8
1765085941766 0.7004222222222222 9
1765086100094 0.7010666666666666 10
1765086252244 0.7030666666666666 11
1765086406392 0.7046 12
1765086563634 0.7086 13
1765086719523 0.7097777777777777 14
1765086862773 0.7099555555555556 15
1765087002157 0.71 16
1765087140052 0.7103111111111111 17
1765087283254 0.7147333333333333 18
1765087420517 0.7103777777777778 19
1765083601547 0.5116 0
