1765119359329 0.6245777777777778 0
1765119644793 0.7740222222222222 1
1765119950289 0.808 2
1765120293625 0.8248888888888889 3
1765120664686 0.8389111111111112 4
1765120875913 0.8443777777777778 5
1765121047111 0.8526888888888889 6
1765121190722 0.8595777777777778 7
1765121313726 0.8636444444444444 8
1765121450950 0.8689555555555556 9
1765121644195 0.8745111111111111 10
1765121894744 0.8777777777777778 11
1765122155178 0.8807111111111111 12
1765122260854 0.8849555555555556 13
1765122346047 0.8885777777777778 14
1765122430036 0.8920222222222223 15
1765122514990 0.8936666666666667 16
1765122598594 0.8968444444444444 17
1765122681878 0.8989777777777778 18
1765122765059 0.8988888888888888 19
1765119359329 0.6245777777777778 0
