1765119359329 1.1366377299202812 0
1765119644793 0.6583864488601685 1
1765119950289 0.5606842638810475 2
1765120293625 0.5046791030459934 3
1765120664686 0.4656951101726956 4
1765120875913 0.44581043377982243 5
1765121047111 0.4235852850172255 6
1765121190722 0.4061684579849243 7
1765121313726 0.39242228764428033 8
1765121450950 0.37714740871588387 9
1765121644195 0.3646924338605669 10
1765121894744 0.3504965656942791 11
1765122155178 0.3409988679832882 12
1765122260854 0.33133451342582704 13
1765122346047 0.32138069341447617 14
1765122430036 0.31082118306689793 15
1765122514990 0.30480552655325993 16
1765122598594 0.29640553089777627 17
1765122681878 0.28868460002475316 18
1765122765059 0.2873933905919393 19
1765119359329 1.1366377299202812 0
