1765123354390 1.5129052126990423 0
1765123483733 1.080105558819241 1
1765123611601 0.9929478615760803 2
1765123740021 0.948798361047109 3
1765123873653 0.9227119007746378 4
1765124003335 0.9078061015235053 5
1765124143442 0.8937860403908624 6
1765124281069 0.8822579660839505 7
1765124428117 0.8786500303904216 8
1765124576672 0.8643975469377306 9
1765124707355 0.8645192649205525 10
1765124833364 0.8610550520155165 11
1765124967894 0.850442859395345 12
1765125098930 0.8533359079784817 13
1765125233473 0.8459432283507453 14
1765125362297 0.850069787979126 15
1765125469786 0.8418558111720615 16
1765125594802 0.8385149422857496 17
1765125713808 0.8441461127069262 18
1765125831438 0.8310301787906222 19
1765123354390 1.5129052126990423 0
