1765123354390 0.5165111111111111 0
1765123483733 0.6502666666666667 1
1765123611601 0.6708222222222222 2
1765123740021 0.6808222222222222 3
1765123873653 0.6885111111111111 4
1765124003335 0.6935333333333333 5
1765124143442 0.6968666666666666 6
1765124281069 0.6994222222222222 7
1765124428117 0.6993333333333334 8
1765124576672 0.7035111111111111 9
1765124707355 0.7047333333333333 10
1765124833364 0.7018888888888889 11
1765124967894 0.7071777777777778 12
1765125098930 0.7098444444444444 13
1765125233473 0.7098222222222222 14
1765125362297 0.7059555555555556 15
1765125469786 0.7089555555555556 16
1765125594802 0.7122 17
1765125713808 0.7101555555555555 18
1765125831438 0.7125111111111111 19
1765123354390 0.5165111111111111 0
